State (Emission order)	-2000	-1800	-1600	-1400	-1200	-1000	-800	-600	-400	-200	0	200	400	600	800	1000	1200	1400	1600	1800	2000
1	1.44437	1.20135	1.15636	0.98988	0.91789	0.78740	0.69741	0.72891	0.83240	0.77840	0.57593	0.58043	0.62542	0.58493	0.53543	0.52194	0.53543	0.45448	0.43198	0.53997	0.63447
2	1.26382	1.45334	1.40594	1.42964	1.20848	1.12160	1.01891	0.83725	0.77406	1.06631	1.18478	1.17689	0.99522	0.72667	0.72667	0.67928	0.63189	0.65563	0.76622	0.77411	0.71092
3	3.58049	3.39109	3.39897	2.98100	2.64189	2.18449	1.65611	1.11985	1.19871	1.57725	2.55515	2.14506	1.63245	1.61668	1.38798	1.52993	1.52993	2.01903	2.29506	1.96382	2.10578
4	2.00847	1.68457	1.67211	1.49151	1.28911	0.97462	0.89055	0.66635	0.64456	0.76600	0.98396	1.07115	0.96839	0.88432	0.91234	0.85318	0.95905	0.90618	0.99337	1.03697	1.09302
5	0.55469	0.56226	0.56226	0.53187	0.56986	0.44069	0.47868	0.47109	0.44829	0.47868	0.51667	0.42550	0.42550	0.34952	0.37231	0.39510	0.37991	0.35714	0.43313	0.44072	0.51671
6	0.71338	0.68592	0.67220	0.69964	0.64476	0.64476	0.63104	0.74079	0.76823	1.05631	1.04260	0.61733	0.53502	0.38411	0.42527	0.50758	0.56245	0.50762	0.48018	0.64481	0.67225
7	1.17884	1.25436	1.46594	1.23925	1.16368	1.40549	1.55661	1.63218	1.19391	1.25436	1.11834	0.86143	0.84631	0.57428	0.66496	0.66496	0.72541	0.68012	0.61967	0.64990	0.72546
8	1.84754	2.45520	3.18447	3.81650	4.35129	4.47284	4.64300	4.52146	3.57341	3.06292	3.23308	2.23642	1.26406	1.33699	1.23975	1.14252	1.19114	1.43433	1.70175	1.67744	1.72606
9	1.46624	1.33870	1.37694	1.45344	1.44069	1.67018	1.77218	1.81043	1.78493	1.84867	1.77218	1.44069	1.12195	0.96896	1.00721	0.90521	0.94346	0.89253	0.96903	1.04553	1.13479
10	2.18404	2.09297	2.01497	2.18396	2.18396	2.23596	1.84597	2.00197	2.26196	2.91195	3.10695	2.62596	1.91097	1.57297	1.49498	1.54697	1.48198	1.59909	1.92411	1.72910	1.69009
11	2.40173	2.45462	2.22505	2.18974	2.11027	1.88070	2.00431	2.18974	2.40165	2.46345	2.48994	2.87844	3.13450	3.26694	3.24046	3.34641	3.38173	3.50560	3.29367	3.08174	3.20537
12	1.78359	1.84574	1.65909	1.60517	1.50562	1.46829	1.46415	1.55125	1.37704	1.06182	0.91665	0.97886	1.31068	1.44341	1.43097	1.37290	1.45585	1.61358	1.60114	1.80439	1.79195
13	1.01419	0.99753	0.89778	0.91440	0.69827	0.70658	0.59020	0.54033	0.60683	0.98090	0.87284	0.45720	0.38239	0.40732	0.39901	0.48214	0.41564	0.44892	0.45723	0.65675	0.58193
14	0.69796	0.75008	0.62574	0.59766	0.64981	0.52546	0.50139	0.46128	0.41315	0.43721	0.34496	0.30485	0.28479	0.31287	0.29682	0.36501	0.36903	0.36905	0.43725	0.40114	0.47335
15	0.42309	0.42436	0.37277	0.36503	0.34697	0.30957	0.29538	0.28248	0.28248	0.20638	0.14446	0.18961	0.22057	0.22830	0.21541	0.23604	0.26829	0.26057	0.25799	0.29411	0.31862
16	0.73589	0.79038	0.69953	0.72678	0.74495	0.69953	0.87214	0.66319	0.66319	0.39065	0.24529	0.29980	0.30888	0.29071	0.31797	0.34522	0.40882	0.37250	0.59055	0.43610	0.38159
17	1.26800	1.28323	1.35961	1.03880	0.85548	1.03880	1.00825	0.65689	0.61106	0.53468	0.53468	0.51940	0.58051	0.42774	0.38191	0.45830	0.84021	1.20693	1.84859	2.13887	2.50553
18	3.51972	3.55925	2.96439	2.38936	1.87381	1.32852	0.87246	0.49572	0.38666	0.21812	0.22803	0.25777	0.27760	0.21812	0.36683	1.06083	3.40062	6.64309	9.13177	10.26208	9.74650
19	1.62378	1.35470	1.09048	0.98960	0.63411	0.47078	0.36510	0.31706	0.24500	0.19216	0.13931	0.15372	0.15853	0.21618	0.19696	0.44196	0.86470	1.63825	2.65194	3.11315	3.77133
20	0.51305	0.44483	0.46188	0.33634	0.33169	0.26349	0.25574	0.26039	0.24954	0.22474	0.12090	0.15034	0.19684	0.21079	0.24799	0.24799	0.26504	0.41696	0.56887	0.71922	0.81998
21	0.47011	0.43278	0.35444	0.36190	0.20893	0.18281	0.21266	0.21266	0.20893	0.19774	0.17908	0.17535	0.24997	0.20520	0.19774	0.27236	0.29101	0.30969	0.38431	0.57833	0.87309
22	0.39379	0.35676	0.35003	0.30964	0.26252	0.30627	0.26925	0.23896	0.22550	0.21203	0.18848	0.19184	0.24569	0.22550	0.25915	0.26588	0.28271	0.27264	0.36015	0.37025	0.50488
23	0.37664	0.26849	0.24611	0.21255	0.22374	0.23865	0.19018	0.21255	0.20509	0.17153	0.16035	0.19018	0.23120	0.26476	0.26103	0.27222	0.24984	0.28342	0.25359	0.35801	0.47361
24	0.53171	0.51186	0.41663	0.39679	0.31743	0.26982	0.30949	0.30553	0.30949	0.30156	0.33330	0.36504	0.37695	0.35314	0.35711	0.33727	0.36504	0.39285	0.39682	0.44840	0.51189
25	1.03322	1.02741	0.77921	0.66378	0.70418	0.51948	0.43290	0.43867	0.42712	0.44444	0.51370	0.54256	0.49639	0.67532	0.63492	0.62914	0.64646	0.67537	0.72155	0.86008	1.02171
26	1.76775	1.41572	1.26710	1.11067	1.00117	0.77434	0.61791	0.60227	0.70395	0.79781	0.96988	1.03246	0.91513	0.88384	1.09503	0.93860	1.07939	0.96995	1.02471	1.55662	2.04941
27	3.10396	2.56032	1.57338	0.95833	0.74378	0.71517	0.68657	0.60074	0.67226	0.60074	0.70087	0.94403	1.00124	1.00124	1.05845	1.12997	1.48756	2.44606	4.54882	6.99489	8.46825
28	1.36881	0.94509	0.81474	0.59476	0.50514	0.46440	0.30960	0.36663	0.36663	0.24442	0.31775	0.27701	0.26886	0.42366	0.34219	0.35848	0.39107	0.68443	1.42589	2.49327	3.57695
29	0.32497	0.32203	0.27519	0.25177	0.20493	0.19322	0.19029	0.16102	0.19029	0.17273	0.18444	0.18444	0.17273	0.21664	0.23713	0.25470	0.22542	0.28399	0.33962	0.38061	0.42452
30	0.77891	0.73152	0.60522	0.53154	0.46838	0.47365	0.35260	0.39471	0.28945	0.37892	0.39997	0.31576	0.34208	0.29998	0.37365	0.45260	0.43681	0.51052	0.61052	0.82105	1.11052
31	2.03665	1.82523	1.56586	1.45058	1.12396	0.95104	0.90301	0.69167	0.71088	0.79734	0.77812	0.88380	0.87419	0.82616	0.75891	0.76852	0.81655	0.99915	1.74850	1.96947	2.74765
32	4.60363	4.09414	4.07456	3.50647	3.54565	3.15386	2.56619	2.21358	1.50837	2.01769	2.60536	2.35071	2.01769	1.93933	1.78262	2.17440	2.76208	4.42748	6.13186	7.62075	8.40438
33	0.74178	0.79738	0.68612	0.74175	0.72321	0.79738	0.66758	0.50068	0.48214	0.51923	0.68612	0.76030	0.63049	0.66758	0.63049	0.83447	0.92719	1.24253	1.52070	2.05851	2.20687
34	0.65942	0.68766	0.82896	0.85722	0.89490	0.70650	0.65940	0.67824	0.57462	0.57462	0.48984	0.37680	0.41448	0.42390	0.32028	0.43332	0.35796	0.40509	0.53698	0.47103	0.54640
35	0.47078	0.47077	0.43332	0.41727	0.53496	0.49751	0.51356	0.39587	0.31028	0.23538	0.20864	0.15514	0.20864	0.24608	0.30493	0.31028	0.32098	0.32100	0.39055	0.56175	0.50825
36	0.67677	0.57722	0.57722	0.71655	0.80612	0.79617	0.60708	0.55732	0.57722	0.55732	0.34833	0.38813	0.35828	0.43789	0.32842	0.22890	0.21895	0.33840	0.26873	0.20901	0.27868
37	0.92161	0.86841	0.93930	1.29375	1.45326	1.64820	2.17988	1.82543	1.68365	1.54187	1.24058	1.32920	0.88613	0.76207	0.74435	0.54940	0.63801	0.65578	0.72668	0.95709	0.76213
38	2.70031	2.47519	3.20650	3.57215	5.17541	7.39745	9.31010	9.87265	7.45371	5.34417	5.56919	3.99406	3.68466	3.43152	3.62841	4.75350	5.40042	5.87901	5.71023	5.79462	5.48520
39	3.31417	3.24572	3.58738	4.27069	6.04730	8.54138	12.19709	17.59524	23.26671	20.84096	15.37448	14.58867	20.84096	23.91586	25.76080	23.91586	22.20758	19.44157	17.73318	13.97470	11.78795
40	2.61804	3.21294	4.02212	4.83130	5.97368	7.75864	11.99496	18.34943	30.32059	43.76732	59.16561	64.04451	55.02449	41.22077	29.46381	20.80078	15.27929	10.52014	7.54499	5.92651	4.83165
41	4.92808	5.59642	7.43005	10.10411	14.87921	24.10470	34.13241	48.34310	52.73619	29.18540	12.91187	19.32960	46.85327	72.12309	62.26729	40.16813	24.50581	14.91848	9.97112	7.43059	5.78784
42	3.29970	3.50743	4.33882	5.57292	7.15776	10.52230	18.91416	33.00884	57.46994	72.29210	90.28393	121.22729	90.79056	50.13031	24.91577	12.83461	7.04085	4.28717	2.83213	2.13059	1.40307
43	3.41013	4.48172	4.43301	4.18943	7.06358	8.91473	12.51959	23.04189	50.51678	157.34735	159.92921	12.42216	12.32473	8.13530	5.65086	4.92015	3.84843	3.16666	2.58205	1.41282	1.75384
44	5.91889	6.49230	7.71775	10.53369	13.16711	19.13794	23.85724	31.00138	25.81276	15.53980	10.61191	9.82971	9.59504	12.56742	15.27907	17.96463	17.96463	14.70651	12.56833	12.30757	10.11724
45	3.18379	4.17531	3.88826	5.87153	8.45500	11.95182	16.23151	19.80662	18.78889	8.50719	5.66276	8.79424	11.74306	16.51856	19.93710	21.45065	21.71160	19.96463	17.92902	17.06780	13.85780
46	5.73021	8.56872	11.46000	16.50660	24.07651	28.57115	30.62133	23.99766	12.77422	2.75986	1.10394	2.57587	13.58904	47.46963	87.21165	92.78394	72.04555	50.02281	33.04187	21.26561	14.35232
47	11.46858	14.69526	17.76233	19.09583	18.21572	14.48190	10.48137	6.74755	1.73356	0.66675	0.48006	0.48006	0.80010	2.80037	12.16159	36.11140	57.74090	63.42620	58.33183	48.64987	40.22149
48	10.88404	12.09294	11.52860	11.44798	9.43249	6.61081	6.93329	6.53019	5.07904	4.67594	5.56275	5.64337	5.48213	6.36895	7.65886	19.59056	34.90829	45.95648	49.18150	48.93962	43.45709
49	4.62914	5.32537	6.39044	7.39407	8.80734	10.17965	10.81460	8.37722	5.81694	4.83380	5.46875	5.32537	4.32174	3.58438	4.46512	5.32537	6.32900	7.64041	7.72234	6.92348	7.21025
50	2.92869	3.25678	3.00432	3.14318	3.06744	2.90333	2.63825	2.75186	2.80235	3.33252	3.93844	3.08006	2.13332	2.07020	2.19644	2.15857	2.10807	2.47432	2.36071	2.53744	2.32283
51	2.86802	2.59720	2.72410	2.70718	2.67334	2.46184	2.42800	2.06422	2.01346	2.19112	1.73429	1.38743	1.53125	1.36205	1.43819	1.60739	1.86119	1.84440	1.86132	1.73441	1.59904
52	2.20511	2.24441	2.07640	2.14203	1.96353	1.66165	1.37289	1.03689	0.82164	0.62476	0.40163	0.54076	0.67988	0.72189	0.75339	0.88201	0.91614	1.05272	1.05797	1.13147	1.20235
53	2.55732	2.70627	2.52585	2.51801	2.50232	2.43172	2.09442	1.56885	1.26293	0.88640	1.04329	0.97269	1.11389	1.09820	1.20017	1.24724	1.50610	1.50621	1.65526	1.69448	1.64741
54	5.18033	6.00287	7.38932	8.77577	9.29379	10.02510	9.72039	5.85051	3.04714	2.91002	3.67181	2.13300	1.56928	1.67593	1.84352	2.68149	3.18426	3.62636	3.38257	3.23020	3.07784
55	2.90668	3.05956	3.05956	3.31452	3.28902	3.31452	3.00856	2.65162	3.74796	6.06812	2.14169	0.53542	0.53542	0.86687	0.94336	1.12184	1.12184	1.09642	1.35140	1.58088	1.75937
56	2.06109	2.00581	1.89540	1.82179	1.72978	1.71138	1.32494	0.93850	0.55206	1.04891	0.73608	0.18402	0.33123	0.47845	0.55206	0.49685	0.71768	0.69932	0.80974	0.88336	0.97537
57	10.06944	12.11957	14.85356	17.83761	21.55517	22.53874	19.88810	13.76997	5.81806	2.31722	1.60038	1.95047	1.95047	2.11717	2.93404	3.68422	4.13432	4.61811	4.16797	3.41773	2.85089
58	3.69381	3.71705	4.20798	4.88594	5.33011	5.86780	6.19509	4.97945	2.75857	1.49617	1.65982	1.51955	1.77670	1.61306	1.94035	1.96373	2.31439	2.36132	2.89904	3.13284	3.06270
59	2.24024	2.40152	2.71476	2.77172	2.74324	2.50594	1.92691	1.33840	0.83531	0.64547	0.52207	0.50309	0.66445	0.68344	0.80684	0.82582	0.86379	1.09168	1.06320	1.11067	1.22458
60	9.45440	10.51174	11.08126	11.71587	11.97622	10.65819	9.38897	6.32983	3.82393	2.76625	2.81506	2.73370	2.32690	3.71003	4.99552	6.46000	7.55023	8.67362	9.53610	9.55238	9.27573
61	4.97341	4.64387	4.24865	3.90989	3.02534	2.47956	1.71263	1.21390	0.89866	0.68694	0.80927	0.81868	0.79515	0.89866	1.07745	1.27036	1.30330	1.46337	1.65629	1.83039	2.05625
62	1.49420	1.41280	1.27179	1.10502	0.97350	0.84741	0.66708	0.61149	0.52878	0.50573	0.49489	0.55997	0.66708	0.65759	0.68606	0.68606	0.75114	0.74984	0.85018	0.88544	0.93696
63	1.16382	1.07540	1.00182	0.89504	0.80532	0.73353	0.64650	0.58234	0.46704	0.34411	0.24765	0.29835	0.37282	0.43474	0.47781	0.51415	0.53523	0.57296	0.59315	0.63667	0.63174
64	0.44644	0.54945	0.51129	0.49603	0.38919	0.31670	0.35485	0.31670	0.27854	0.22512	0.22512	0.21749	0.24038	0.22894	0.23657	0.22512	0.26328	0.30527	0.29764	0.25567	0.33580
65	0.38087	0.40300	0.37643	0.35429	0.31000	0.24357	0.25243	0.23029	0.22586	0.22143	0.54029	0.55800	0.67757	0.53143	0.40300	0.32771	0.28786	0.33217	0.28345	0.23030	0.28345
66	0.20151	0.22240	0.20747	0.18508	0.17613	0.18956	0.18956	0.17762	0.16568	0.18658	0.21494	0.28360	0.26419	0.26270	0.25972	0.19255	0.19703	0.19853	0.18510	0.19107	0.17017
67	0.21399	0.22913	0.21399	0.21601	0.20086	0.19481	0.18270	0.13929	0.12112	0.12213	0.22408	0.29474	0.28666	0.31290	0.30887	0.14636	0.13828	0.18978	0.19381	0.19684	0.20492
68	0.26743	0.25909	0.25208	0.24112	0.23980	0.23323	0.23169	0.22753	0.22095	0.19991	0.14182	0.12034	0.13152	0.14577	0.16834	0.22424	0.22862	0.22119	0.22645	0.22469	0.22382
69	0.50040	0.31531	0.39757	0.43184	0.33587	0.22620	0.19193	0.17822	0.10967	0.13024	0.22620	0.21935	0.30846	0.21935	0.19193	0.13709	0.13024	0.28791	0.19194	0.28106	0.32219
70	0.36794	0.35917	0.32121	0.30369	0.26865	0.25988	0.25112	0.22776	0.23068	0.20148	0.35041	0.49641	0.57233	0.45261	0.34457	0.24236	0.25696	0.21026	0.26866	0.25698	0.31247
71	0.67052	0.58850	0.50649	0.58367	0.59814	0.55473	0.54026	0.51614	0.51614	0.52096	0.75250	0.77180	0.75250	0.73321	0.71874	0.63191	0.63191	0.55959	0.60783	0.57407	0.65125
72	0.76837	0.58966	0.48245	0.53605	0.66113	0.33950	0.60753	0.53605	0.48245	0.48245	0.82195	0.87556	0.85769	0.83982	0.75048	0.83982	0.87556	1.03645	1.14367	1.17941	1.07219
73	0.77022	0.77019	0.84885	0.81280	0.74397	0.76036	0.61615	0.62598	0.61615	0.62271	0.70137	0.68498	0.65548	0.75708	0.82263	0.62926	0.55388	0.63259	0.63914	0.62275	0.70469
74	0.55444	0.54929	0.56212	0.53389	0.47613	0.50565	0.49539	0.46587	0.44790	0.44662	0.42737	0.36063	0.33753	0.40170	0.42223	0.42737	0.38501	0.42226	0.45050	0.50826	0.48259
75	0.33008	0.32293	0.30722	0.29866	0.30246	0.29223	0.28390	0.28081	0.27248	0.25178	0.22060	0.22417	0.23226	0.23536	0.24131	0.27581	0.29675	0.29130	0.28797	0.28868	0.29868
76	0.34620	0.28950	0.27533	0.26926	0.26521	0.22067	0.20447	0.17613	0.18018	0.15994	0.10932	0.13362	0.16398	0.17208	0.19840	0.22269	0.18423	0.18222	0.17412	0.19437	0.20044
77	1.46604	1.43752	1.42329	1.29519	1.19556	0.86821	0.91091	0.78281	0.83974	1.40906	1.43752	1.48022	1.26673	0.91091	0.69741	0.52662	0.55508	0.66899	0.69746	0.86827	0.78287
78	2.22953	2.57244	2.05796	2.57244	2.65819	2.22945	1.97221	2.65819	1.88646	4.37316	5.83087	4.11591	3.51567	3.25843	3.42993	3.94442	3.25843	3.00140	3.25866	3.17291	3.08716
79	0.36644	0.50384	0.30536	0.29009	0.24429	0.19848	0.19848	0.13741	0.16795	0.13741	0.18322	0.12214	0.16795	0.18322	0.13741	0.16795	0.19848	0.25957	0.47334	0.45807	0.62603
80	0.53705	0.39571	0.48050	0.28265	0.25438	0.14132	0.19785	0.19785	0.16959	0.22612	0.22612	0.36744	0.36744	0.31091	0.22612	0.50877	0.39571	0.42400	0.81974	1.13068	1.24375
81	0.51860	0.51858	0.44598	0.46672	0.36301	0.36301	0.33189	0.38375	0.34226	0.39412	0.42524	0.51858	0.59118	0.57044	0.62230	0.53933	0.56007	0.59123	0.54974	0.62234	0.67420
82	0.86812	0.72341	0.83192	0.54256	0.68724	0.47021	0.36170	0.39787	0.36170	0.32553	0.43404	0.57873	0.47021	0.43404	0.57873	0.43404	0.39787	0.47025	0.68729	0.90432	1.26605
83	1.80791	1.72473	1.51990	1.43975	1.26757	0.86385	0.68277	0.46309	0.27608	0.24639	0.15733	0.18405	0.22264	0.27904	0.33545	0.38888	0.46309	0.57594	0.65907	0.73922	0.78078
84	5.08450	5.34147	5.30473	4.72430	4.07039	3.57812	2.36582	1.56497	0.83024	0.49961	0.47023	0.38941	0.42614	0.58778	0.73473	1.11679	1.57232	1.91778	2.15291	2.47621	2.47621
85	8.58977	9.10710	10.40118	10.77323	11.30704	11.08057	9.89972	7.95860	4.83663	2.41023	1.35879	1.32643	2.21611	2.96021	4.51311	5.85572	7.37626	7.79740	8.18565	8.67097	8.89745
86	7.49154	7.46373	8.17981	9.11622	10.71362	13.27498	13.88089	14.92747	14.45926	10.87887	8.73064	8.86835	10.32804	14.23893	17.13078	19.27902	18.72819	17.07693	15.67221	13.71663	12.53226
87	4.30389	4.82919	5.32963	6.08028	7.18123	8.75760	12.48584	16.71451	24.04587	33.27889	36.45665	37.98297	39.88462	37.28237	31.62746	25.47211	19.19166	15.11421	11.18551	8.23274	6.68128
88	5.64335	6.77935	7.49895	7.83981	9.61986	11.21055	13.02848	17.04307	15.98261	10.37733	7.95343	8.18067	10.33946	16.66433	19.61846	20.94403	23.48156	24.31652	22.19545	20.41527	17.65031
89	3.50833	3.63261	4.60296	5.42403	5.87189	6.56855	7.86236	8.40974	6.22022	2.93594	1.16940	2.18952	4.17999	6.46903	9.95235	15.07781	19.23292	20.87656	21.20003	20.80191	21.72257
90	0.64575	0.72330	0.80088	0.73928	0.73015	0.74156	0.63204	0.44950	0.31031	0.14831	0.12093	0.13462	0.18254	0.21220	0.26696	0.29434	0.38333	0.43812	0.49973	0.52711	0.55221
91	0.33033	0.44042	0.53314	0.39406	0.33031	0.41144	0.42883	0.39985	0.38247	0.32452	0.29554	0.20862	0.20862	0.20862	0.28975	0.25498	0.28975	0.22602	0.28977	0.31295	0.27238
92	0.33191	0.30315	0.26134	0.24827	0.24304	0.25611	0.21952	0.22214	0.21168	0.19862	0.13067	0.19339	0.16726	0.21691	0.20646	0.23520	0.18032	0.18818	0.20124	0.26136	0.26920
93	1.25184	1.18760	1.21970	1.02712	1.05921	1.30529	1.28389	1.41228	1.57277	1.38019	1.32669	1.59417	1.52997	1.61557	1.46578	1.51928	1.52997	1.67988	1.78688	1.87248	1.94738
94	0.70202	0.60381	0.68236	0.61854	0.68727	0.59891	0.62345	0.57927	0.45654	0.29945	0.23563	0.24054	0.32891	0.33873	0.49582	0.43200	0.46636	0.43694	0.48112	0.57440	0.65786
95	0.73915	0.89941	0.86379	0.95284	0.92613	0.80146	0.74802	0.61445	0.67678	0.59664	0.72131	0.73912	0.45416	0.52540	0.52540	0.56102	0.57883	0.56106	0.53434	0.56996	0.54325
96	0.54538	0.45120	0.47474	0.43550	0.42766	0.43943	0.37273	0.35703	0.29818	0.29818	0.27856	0.24718	0.26287	0.27856	0.29818	0.29818	0.29818	0.34529	0.34529	0.27858	0.37275
97	5.45776	5.39520	5.62389	5.16650	4.52198	3.80470	2.40133	1.63207	1.04993	0.89400	0.84202	0.74847	0.63412	0.77965	0.70688	0.87321	0.98756	1.47625	1.71536	1.85051	1.65298
98	4.52433	5.10946	5.33093	6.34333	6.45406	6.40660	5.94786	3.57504	2.57846	2.15135	2.30954	2.59428	2.70501	2.46773	2.79992	3.60668	4.52417	5.18893	5.56861	5.80591	6.31214
99	3.25688	3.46464	3.52239	3.41845	3.10663	2.65622	1.69767	1.18953	0.86616	0.45040	0.43885	0.71603	1.08559	1.24727	1.36276	1.54754	2.27511	2.85276	3.14150	3.37249	3.67278
100	3.06996	3.10961	3.21300	3.04599	2.38589	1.82918	1.33610	0.88676	0.53285	0.34198	0.22666	0.31414	0.40560	0.50104	0.54876	0.64817	0.94243	1.14133	1.12940	1.19303	1.18906
