state (Emission order)	Genome %	ENCFF024JOZ_kidney.bed.gz	ENCFF033UQX_testis.bed.gz	ENCFF052KVO_E14TG2a.4.bed.gz	ENCFF065ODV_MEL.bed.gz	ENCFF086ZTV_olfactory-bulb.bed.gz	ENCFF089EWX_spleen.bed.gz	ENCFF089GBC_midbrain.bed.gz	ENCFF092NMJ_hindbrain.bed.gz	ENCFF097CAQ_bone-marrow.bed.gz	ENCFF136ZDK_liver.bed.gz	ENCFF142CNG_MEL.bed.gz	ENCFF143RZH_layer-of-hippocampus.bed.gz	ENCFF165LXO_lung.bed.gz	ENCFF194HVL_liver.bed.gz	ENCFF198SSR_lung.bed.gz	ENCFF210BTO_small-intestine.bed.gz	ENCFF281QMV_brain.bed.gz	ENCFF316FYN_cerebellum.bed.gz	ENCFF327LYS_intestine.bed.gz	ENCFF349BUL_thymus.bed.gz	ENCFF388VCL_left-cerebral-cortex.bed.gz	ENCFF430PPJ_forebrain.bed.gz	ENCFF491RJK_lung.bed.gz	ENCFF502WDT_MEL.bed.gz	ENCFF504JDS_CH12.LX.bed.gz	ENCFF575MGI_cortical-plate.bed.gz	ENCFF589ZBJ_liver.bed.gz	ENCFF601JVE_G1E.bed.gz	ENCFF609MDN_heart.bed.gz	ENCFF611HDQ_embryonic-fibroblast.bed.gz	ENCFF637GEK_heart.bed.gz	ENCFF649JAA_gastrocnemius.bed.gz	ENCFF660HRL_heart.bed.gz	ENCFF680EMQ_gastrocnemius.bed.gz	ENCFF784ASD_C2C12.bed.gz	ENCFF805QBU_bone-marrow-macrophage.bed.gz	ENCFF883UPM_CH12.LX.bed.gz	ENCFF907XEG_stomach.bed.gz	ENCFF921ILM_layer-of-hippocampus.bed.gz	ENCFF951GOP_heart.bed.gz	ENCFF957SPH_kidney.bed.gz	ENCFF999RIN_left-cerebral-cortex.bed.gz
1	0.79863	1.72406	0.86159	3.88758	1.77629	0.12644	0.05739	1.44305	1.30614	0.32359	1.46082	1.05092	1.54654	1.44800	0.62544	1.14115	0.68883	0.86293	0.34799	1.63023	0.11187	1.55406	0.97080	0.24831	2.27012	1.25061	0.47125	1.38025	0.65381	0.56475	0.20304	0.97743	1.21840	1.24978	0.48672	0.04644	0.49445	2.54972	1.72823	1.71308	0.48750	0.72759	1.75919
2	0.45494	3.82026	2.30682	5.00955	2.47472	0.66782	0.20598	3.05738	3.10325	0.81319	2.79921	2.00886	2.63325	3.60583	1.84419	3.05381	2.03774	3.00206	1.12555	3.36654	0.61400	2.55899	2.51664	1.12752	2.78140	2.78500	1.92708	2.85609	1.24353	2.24549	1.00636	1.79213	2.10971	2.03709	1.17431	0.29787	1.29395	3.86653	3.41822	2.70177	1.64425	2.25919	2.58947
3	0.45565	2.66730	2.40958	2.50227	1.64991	1.53560	0.51646	2.09323	2.46040	1.60516	2.89680	1.81015	2.18973	2.51751	2.20082	2.52546	2.15876	1.60727	1.67673	2.81197	1.99754	1.80325	1.70684	1.46670	1.78355	1.52174	1.46975	2.57090	1.00135	1.65267	0.99158	1.60752	1.87831	1.88222	0.98221	0.45315	1.67594	3.21955	2.66028	2.06577	1.26547	1.87301	2.15960
4	1.15402	0.66741	0.30965	0.59099	0.37194	0.17856	0.01244	0.58080	0.53139	0.17536	0.52762	0.34158	0.70809	0.47593	0.29031	0.53884	0.28641	0.15728	0.28157	0.71033	0.14052	0.58090	0.37365	0.16012	0.58583	0.32773	0.21665	0.51630	0.26051	0.25145	0.21471	0.39157	0.52105	0.55114	0.20892	0.03656	0.27690	1.15704	0.71870	0.76308	0.19300	0.26791	0.83318
5	0.47293	1.75306	0.59980	0.97673	0.31344	0.64702	0.00647	2.72111	3.28985	0.11725	0.62165	0.25289	2.34631	1.52119	0.54596	1.22987	0.40288	2.08958	2.65645	1.42918	0.14816	2.23314	2.79217	0.35609	0.45638	0.57932	2.71289	0.82067	0.20545	1.26343	0.46158	0.88039	1.08708	1.07726	0.57866	0.09565	0.32269	1.44862	1.61078	2.34644	0.75829	0.56627	2.37098
6	0.26194	3.75624	1.54543	1.61453	0.74135	1.95133	0.42414	4.40033	5.78282	0.67511	1.72676	0.69150	4.31398	4.34201	2.32329	4.67608	1.66254	3.80771	4.85001	3.65615	0.51255	4.15213	5.24328	2.58508	1.17215	1.34270	5.16049	2.62162	0.35359	5.66163	2.09838	3.86202	3.77926	4.35892	2.79362	1.25613	1.06554	2.40777	4.17312	4.21312	4.62611	2.48617	4.12277
7	0.23777	4.31421	2.09136	1.60287	0.85832	3.42356	0.89566	4.75129	5.91689	1.41671	2.17022	0.97253	3.54711	4.53941	2.73829	4.61533	2.44488	4.19456	3.48069	4.13525	2.21492	3.03010	4.84090	2.94264	1.07490	1.35166	3.00374	2.54108	0.76690	4.55683	2.57825	3.45112	3.14825	3.71303	2.27181	1.92965	2.13443	2.04106	4.41443	3.64733	3.44071	2.37766	3.56549
8	0.14782	9.32799	7.28621	4.03619	4.94196	11.85413	7.13584	6.77295	8.49930	7.21470	7.29381	5.03993	6.82354	9.79363	8.17398	12.10346	8.98776	6.58129	6.99303	9.96884	11.67705	6.10667	7.24578	8.66722	4.21772	5.90112	6.36229	7.86872	6.31071	10.05428	8.27596	9.98336	8.45640	10.45459	7.17395	8.51947	10.42554	4.44397	10.24584	6.60085	10.09540	8.53467	6.94218
9	0.28184	3.01644	0.80966	0.68102	0.38275	0.69494	0.30952	1.28895	1.76377	0.56039	1.02113	0.30319	1.28528	3.35467	1.72753	4.85664	1.62340	0.81602	0.98660	3.40206	0.72165	1.10971	1.14789	1.60843	0.45381	0.45592	0.86455	1.63445	0.30448	3.05184	0.86544	2.87853	2.17472	3.32612	1.20081	0.79914	1.08388	1.10263	3.75144	1.24816	3.02818	1.79142	1.58499
10	0.27642	1.80452	0.51641	0.67631	0.41360	0.35583	0.10086	0.62867	0.75596	0.37918	1.08628	0.27540	0.64287	1.62641	2.28192	2.80830	2.49535	0.24629	0.31540	3.37409	0.32689	0.55055	0.47695	1.00307	0.39747	0.41424	0.30640	1.55945	0.23331	1.11245	0.40529	1.10370	0.86140	1.43466	0.43911	0.30599	0.96291	0.99644	2.44614	0.73511	1.41252	1.72641	0.79421
11	0.40697	0.78198	0.08196	0.35212	0.23277	0.03033	0.01134	0.24886	0.20746	0.05985	0.40621	0.10143	0.32623	0.35791	0.91309	0.58351	1.19060	0.04725	0.10779	1.91381	0.02074	0.19956	0.15532	0.09496	0.28368	0.22326	0.03499	0.66808	0.13032	0.12355	0.09959	0.21347	0.19113	0.33729	0.05608	0.01440	0.14323	0.61512	0.95883	0.37907	0.18005	0.57745	0.39271
12	0.86635	0.38525	0.01195	0.17930	0.10458	0.00410	0.00038	0.15142	0.13257	0.01055	0.13075	0.02347	0.31029	0.11748	0.33346	0.16816	0.19926	0.02740	0.03262	0.68238	0.00342	0.19879	0.08851	0.01611	0.15371	0.12594	0.02518	0.29097	0.03967	0.07418	0.08045	0.15146	0.16929	0.24863	0.04684	0.00620	0.05457	0.39303	0.35384	0.34283	0.10164	0.21100	0.35231
13	0.43227	3.51054	0.50850	1.14377	0.60346	0.15897	0.10278	2.61884	2.83742	0.45841	1.26969	0.75164	2.46709	3.51250	2.14437	4.66800	1.17790	1.54901	1.32191	3.29517	0.07631	2.92654	2.41377	2.07666	1.50071	0.75044	2.83320	2.75940	0.17252	4.06753	1.02428	3.11076	3.17724	3.30908	2.26434	0.77297	0.55827	3.10885	3.64854	2.56237	4.06374	2.41863	2.70727
14	0.89585	1.00293	0.05197	0.34195	0.18650	0.01068	0.00415	0.74264	0.66310	0.02548	0.22708	0.08251	0.85052	0.87408	0.30129	1.22568	0.13504	0.16019	0.15477	0.89620	0.01339	0.78266	0.51726	0.22058	0.47114	0.23970	0.34361	0.53069	0.04067	0.71143	0.14672	0.79166	0.77947	0.94719	0.45600	0.03486	0.10855	0.95339	1.11834	0.86750	0.55332	0.26751	0.88851
15	2.78587	0.23951	0.00909	0.11582	0.04899	0.00090	0.00000	0.20575	0.14125	0.00140	0.04204	0.01439	0.27513	0.13739	0.02982	0.14452	0.02867	0.02612	0.03140	0.18555	0.00179	0.17975	0.09327	0.00914	0.10585	0.08165	0.02426	0.07620	0.01886	0.09520	0.06304	0.16225	0.15812	0.24746	0.04848	0.00192	0.02094	0.27189	0.23399	0.30820	0.06501	0.03082	0.30394
16	0.39554	0.51745	0.02192	0.11542	0.10445	0.01447	0.00978	0.37043	0.37937	0.02947	0.09400	0.02180	0.45639	0.56184	0.05857	0.78737	0.07614	0.04785	0.06281	0.61064	0.02419	0.28429	0.25576	0.06544	0.09408	0.11918	0.05951	0.18358	0.06237	0.22113	0.12705	0.38421	0.33958	0.63367	0.10138	0.02284	0.11304	0.29741	0.65750	0.48736	0.20094	0.08701	0.51258
17	0.23522	1.67181	0.65821	0.71513	0.87206	0.44418	0.39126	1.21633	1.63998	1.36809	1.57504	0.57072	1.47142	1.39557	1.75318	2.74245	1.65238	0.54023	1.44646	2.20056	1.25238	1.23530	1.17713	1.36695	0.92688	0.60625	0.85833	1.86647	0.36335	1.92571	0.47161	1.77073	1.56752	2.28705	0.97218	0.29195	1.64108	1.47911	2.01659	1.49748	1.73574	1.81129	1.62891
18	0.36244	0.58974	0.06307	0.38886	0.45464	0.01882	0.03317	0.56284	0.50059	0.07863	0.48170	0.14078	0.83494	0.30335	0.21417	0.71191	0.24048	0.04816	0.19344	0.82890	0.04006	0.57651	0.44542	0.11971	0.63285	0.25733	0.10646	0.66468	0.15815	0.29937	0.12488	0.44983	0.48658	0.71203	0.17652	0.01824	0.33339	0.80096	0.68117	0.92116	0.20429	0.26938	0.86568
19	0.74801	0.43817	0.01732	0.36263	0.30541	0.00541	0.00553	0.35723	0.25179	0.02193	0.33820	0.07681	0.75475	0.19060	0.05700	0.41337	0.12094	0.03112	0.10541	0.52907	0.02451	0.54364	0.21068	0.02298	0.51954	0.17626	0.04141	0.40511	0.06044	0.09461	0.07054	0.42855	0.40966	0.67197	0.12123	0.00731	0.15153	0.69751	0.45303	0.85159	0.10097	0.08171	0.85290
20	2.31840	0.20336	0.00657	0.18183	0.10976	0.00193	0.00032	0.17864	0.09289	0.00232	0.10178	0.02369	0.55281	0.07641	0.02506	0.11655	0.04611	0.00734	0.08303	0.18709	0.00385	0.29418	0.07719	0.00428	0.22452	0.05848	0.01043	0.11741	0.01515	0.02473	0.03650	0.19052	0.23727	0.40604	0.05085	0.00181	0.02926	0.34205	0.17800	0.62177	0.02665	0.01880	0.62910
21	0.96314	0.40627	0.01478	0.38777	0.32558	0.01352	0.00872	0.34729	0.24021	0.01558	0.31126	0.05975	0.86643	0.16349	0.04451	0.26087	0.12255	0.04586	0.08992	0.38401	0.01712	0.55003	0.18174	0.01163	0.56838	0.13989	0.04707	0.29280	0.03758	0.06689	0.04803	0.36470	0.45956	0.63454	0.11533	0.00156	0.09471	0.57170	0.36866	0.94889	0.08479	0.07086	0.99870
22	1.06767	0.40971	0.02753	0.29705	0.23633	0.01135	0.00135	0.39398	0.24477	0.02777	0.25559	0.05531	0.82414	0.16101	0.04553	0.28586	0.09578	0.03815	0.06771	0.41080	0.00922	0.50163	0.23106	0.01906	0.55137	0.11593	0.03985	0.30338	0.03962	0.08550	0.02768	0.32021	0.40465	0.61509	0.08099	0.00340	0.07415	0.59273	0.39889	0.89090	0.08041	0.07624	0.97182
23	0.96364	0.37160	0.02553	0.35901	0.28586	0.01009	0.00684	0.39658	0.24433	0.01468	0.27421	0.08129	0.75488	0.14313	0.03755	0.25329	0.07953	0.03621	0.04269	0.40662	0.02248	0.45633	0.20858	0.01629	0.56315	0.12209	0.02666	0.29595	0.04261	0.07435	0.03180	0.30913	0.36398	0.55272	0.07931	0.00370	0.06140	0.48866	0.40144	0.80766	0.08207	0.07711	0.87203
24	0.90562	0.45341	0.05699	0.55003	0.58171	0.03753	0.00788	0.49261	0.38335	0.09626	0.43811	0.21260	0.65941	0.26801	0.10969	0.37373	0.12588	0.12464	0.12331	0.55905	0.04867	0.44457	0.34134	0.05340	0.62049	0.25161	0.12548	0.45967	0.12810	0.17377	0.05919	0.35595	0.41698	0.52481	0.14052	0.00347	0.18342	0.57632	0.50831	0.71674	0.18391	0.16469	0.71812
25	0.62256	1.13386	0.36401	1.04455	0.89323	0.19014	0.09159	1.09329	0.98777	0.25356	0.96283	0.55717	1.19408	0.71501	0.44703	1.07803	0.44340	0.33081	0.44034	1.24649	0.20186	1.02801	0.82556	0.18913	1.26821	0.49057	0.42406	1.04064	0.33926	0.53274	0.22871	0.81713	0.96794	1.01529	0.44244	0.02434	0.43209	1.34871	1.21623	1.24070	0.44228	0.48409	1.31549
26	0.45941	2.63173	1.99167	3.09185	2.87341	1.06231	0.74772	2.60690	2.89250	2.02885	3.49921	2.67432	2.38823	2.42064	2.59993	2.94485	2.06724	2.15352	2.56777	2.81600	1.43543	2.53790	2.67947	1.69204	2.92264	1.66970	2.16088	2.99702	1.58286	2.25640	1.61579	2.17246	2.43094	2.36697	1.67318	0.44901	1.64765	2.82763	2.75824	2.39963	2.40476	2.79624	2.38491
27	0.25122	1.09809	0.33853	1.04394	1.64151	0.10862	0.38364	0.99647	0.90227	0.82593	2.40109	0.65235	1.17109	0.78385	0.66809	1.25829	0.76451	0.34988	0.57994	1.52523	0.44205	1.12201	0.89079	0.39711	1.64760	0.89752	0.51985	1.99368	0.92647	0.90003	0.25654	1.01908	0.93287	1.23497	0.61462	0.10788	1.04348	1.45928	1.21082	1.17967	0.78130	0.84430	1.19172
28	0.44105	0.97939	0.16084	1.17078	1.26488	0.09247	0.17407	0.89339	0.82070	0.35692	1.13641	0.48697	1.31157	0.74424	0.42967	1.06258	0.58515	0.33626	0.37810	1.11748	0.14041	1.21161	0.71374	0.27316	1.50766	0.69050	0.33765	1.18601	0.40171	0.60475	0.20693	0.99803	1.00284	1.30063	0.61485	0.07229	0.53812	1.41236	1.08313	1.31126	0.65955	0.51314	1.31724
29	1.22744	0.24508	0.03116	0.23512	0.16922	0.01169	0.00056	0.29032	0.19694	0.02538	0.11725	0.05792	0.43570	0.13834	0.04976	0.17739	0.07203	0.02930	0.05878	0.27845	0.00772	0.27235	0.13373	0.01579	0.27890	0.08963	0.02963	0.13224	0.05699	0.08089	0.07834	0.19541	0.23078	0.31539	0.05746	0.00432	0.06851	0.43805	0.25266	0.48879	0.07597	0.04533	0.51632
30	0.68279	1.08406	0.28322	0.91472	0.63207	0.09944	0.02709	1.00676	0.94326	0.25826	0.81662	0.46088	1.06538	0.76140	0.37125	1.01360	0.44693	0.34273	0.37555	1.17774	0.14167	0.92881	0.75396	0.23354	1.03260	0.45155	0.32618	0.88966	0.30771	0.55309	0.28557	0.74426	0.82627	0.96411	0.35730	0.03533	0.42814	1.23721	1.17553	1.11359	0.47310	0.44556	1.16303
31	0.37406	3.94560	2.47270	3.55610	3.43357	1.42904	1.35224	3.30276	3.69650	2.81164	4.19907	3.32670	3.16011	3.81449	3.97748	4.41142	2.92932	2.77014	3.01971	3.98793	1.96723	3.42914	3.35082	3.07620	3.79533	2.51723	2.95828	4.30606	1.95806	3.67564	1.81883	3.23753	3.50387	3.50480	2.55513	0.57501	2.60411	4.15589	3.91737	3.07014	3.55093	4.10194	3.06919
32	0.18344	12.02434	17.76863	14.32671	17.60158	17.25220	21.10239	11.40012	13.13375	21.87179	15.89286	18.35366	11.71163	14.01471	18.82626	13.69696	19.32586	16.71459	19.71515	12.08558	15.88011	13.08191	13.61184	20.89469	14.46409	17.31762	19.54296	14.53957	21.78889	18.27237	20.33612	14.79880	14.28345	13.18783	17.24209	17.39843	20.05969	11.83049	12.05886	10.91647	18.81847	18.43121	10.71093
33	0.19378	1.13967	0.42170	0.73841	0.38407	0.72591	0.09282	1.87352	2.15961	0.34944	0.58476	0.25248	1.52457	0.94430	0.41371	1.11969	0.42625	0.98791	1.38072	1.03818	0.49995	1.15670	1.68957	0.40154	0.44057	0.32955	0.89939	0.71359	0.27583	0.81994	0.43343	0.62640	0.86830	0.94724	0.41184	0.17855	0.58446	0.73865	1.22937	1.37331	0.65384	0.47145	1.51566
34	0.38146	1.29053	0.35004	0.53556	0.22389	0.39784	0.04684	1.66294	1.63765	0.13055	0.37094	0.14781	0.99120	0.87872	0.28013	0.86376	0.37479	0.92294	0.51523	1.00568	0.27489	0.68886	1.15195	0.22500	0.20037	0.34989	0.44988	0.41683	0.16337	0.56317	0.31976	0.43809	0.53332	0.60474	0.22971	0.09765	0.28930	0.70767	1.01630	0.97881	0.39833	0.25782	0.94449
35	0.67171	0.31657	0.04238	0.21494	0.12554	0.04107	0.00174	0.66872	0.52306	0.01137	0.07578	0.02314	0.43569	0.19542	0.02720	0.14641	0.05147	0.17858	0.08393	0.21065	0.01225	0.22470	0.35099	0.01369	0.07959	0.12434	0.07044	0.08878	0.03621	0.09415	0.05339	0.13196	0.12654	0.17392	0.03895	0.01272	0.04874	0.25720	0.21734	0.45093	0.05271	0.04301	0.39657
36	0.36107	0.74875	0.11774	0.45294	0.19395	0.38017	0.02524	2.39011	2.17513	0.03043	0.23971	0.08394	1.53838	0.69893	0.11594	0.44641	0.15712	1.17792	0.74616	0.55145	0.07271	1.12800	2.08054	0.07125	0.19909	0.41809	0.88330	0.30967	0.16670	0.50263	0.18340	0.40572	0.37484	0.48875	0.25274	0.05811	0.20184	0.53293	0.61386	1.56717	0.24522	0.17400	1.34963
37	0.20276	1.86433	0.69211	1.15474	0.46605	2.56823	0.12627	5.07231	5.23456	0.26967	0.72479	0.32926	2.93554	1.66631	0.65469	1.27386	0.75433	3.67910	2.12354	1.43415	0.46876	2.16782	4.82710	0.48401	0.42023	0.79668	2.21615	0.96199	0.28881	1.42603	0.66589	1.12906	1.24510	1.25979	0.83109	0.48157	0.61265	1.14328	1.55317	2.78296	1.18179	0.53467	2.54460
38	0.12775	6.10872	6.40371	4.20462	3.64296	12.67725	4.84627	9.33719	9.35016	4.66657	4.66715	3.81147	7.72704	6.58535	5.05693	6.09491	6.67395	8.71939	6.90855	5.87410	6.28210	6.10569	9.46605	5.85735	3.18945	5.35567	6.51687	4.48477	4.66817	6.15730	7.01171	6.44669	5.84677	6.50388	5.71413	6.06566	7.87313	3.50047	6.07846	7.09609	5.59617	4.99547	6.83422
39	0.10518	5.59309	3.75854	3.26144	1.42556	8.57267	2.20440	8.46528	8.39743	2.22868	3.60086	1.61137	6.03679	6.59493	3.76182	5.10200	4.48186	7.05129	6.29893	5.19633	2.86963	5.70730	8.95003	3.95994	1.41755	1.99659	5.71535	3.64869	1.40637	5.33346	5.57126	4.71930	4.59369	4.99544	4.20995	3.18503	3.89005	2.14492	5.43240	5.82884	4.60150	3.22563	5.68396
40	0.15099	16.70182	12.47545	4.94620	2.73680	34.47226	13.56541	17.78996	17.86513	12.48655	12.32793	8.19472	13.92503	17.74567	17.37680	20.23152	16.75326	18.56994	13.67381	18.53921	31.48814	15.20252	23.01916	11.60863	4.46846	3.38790	10.75592	13.52504	4.21309	17.13707	18.95318	17.97787	18.14433	17.83707	16.37261	22.59431	13.37673	6.42559	18.44081	14.10075	13.33878	13.60021	14.57363
41	0.18813	10.55575	10.45144	5.57509	7.55211	18.37155	11.89276	11.14319	12.03054	12.74171	14.49197	10.27122	9.26715	11.66135	11.23502	12.99499	17.33352	9.60143	9.26566	11.69764	25.38634	8.84971	12.20198	9.56854	7.98708	7.04033	7.92786	11.57732	9.36611	10.13905	10.37489	11.50561	10.40705	12.11613	9.72651	12.11973	16.29982	7.65022	11.44353	9.13149	10.61891	11.64008	9.40827
42	0.27662	18.35780	18.96235	4.18905	5.16613	36.45560	20.57884	19.52341	19.56995	23.52307	24.83034	18.86660	14.76117	17.17064	18.39273	23.87307	24.88580	15.42467	12.20959	22.06799	95.19881	15.61197	26.32933	11.20670	9.23577	4.49577	8.77639	20.93364	9.60650	17.13480	14.29591	20.90657	21.10960	22.30339	16.81057	24.38615	14.71705	11.11511	21.54949	15.47622	13.72700	16.24058	16.83338
43	0.07376	43.20883	72.18498	33.11684	40.57057	89.60131	89.56832	43.76438	41.87869	75.36756	50.35905	68.84502	32.33297	44.29305	58.22556	44.17984	61.47002	58.74942	54.28350	40.77853	141.27994	41.87239	48.61637	65.64401	41.06755	42.61704	55.08351	48.05355	62.82432	50.39967	82.48138	46.55390	43.78409	41.41832	62.21551	94.60135	59.47201	30.84973	43.49402	33.37942	54.22460	62.85239	34.52220
44	0.13782	14.18916	18.01245	10.77940	14.33603	28.44008	20.14377	12.86332	13.54945	18.25368	15.47352	16.23241	13.31585	15.30718	16.28619	16.02857	20.98209	14.77644	14.77050	14.94519	23.85214	12.51350	13.41945	17.81527	12.44820	16.19901	14.12163	14.94185	19.11171	14.60573	19.54385	16.75338	14.46819	16.00524	17.10239	21.66195	25.98016	10.10037	14.83646	12.27848	16.44635	17.18293	12.18851
45	0.13770	3.87841	2.53742	3.30770	2.92742	3.24134	2.44547	3.73399	3.79032	2.36619	3.27924	2.27411	4.46650	3.98491	3.27943	4.20054	4.53435	3.05231	3.64715	3.98579	1.93037	3.81645	3.84575	3.62166	2.75802	3.72202	3.53626	3.62208	2.48097	4.17911	2.74883	4.71866	4.25444	4.96371	4.01960	2.51474	4.04177	3.19321	4.06047	4.25740	4.13883	2.91338	3.80951
46	0.13671	1.69502	0.33755	0.81961	1.56936	0.42900	0.48482	2.08562	1.93504	0.49194	1.95549	0.73585	1.84231	1.70421	0.60859	1.69713	1.26280	0.72244	0.74507	1.86867	0.44050	1.74547	1.85157	0.33290	1.80861	1.01312	0.69635	1.89942	0.74505	1.07446	0.45258	1.30749	1.23255	1.84755	0.76175	0.41661	1.52254	2.01798	1.83845	1.82822	0.87778	0.71721	1.80341
47	0.13473	0.94052	0.05741	0.54549	0.83839	0.04229	0.12282	1.18434	0.93200	0.19165	1.07052	0.37446	1.16152	0.71706	0.22496	0.91968	0.44376	0.20530	0.22862	1.21236	0.06495	0.89126	0.83378	0.12891	1.13304	0.44256	0.13290	1.07199	0.23328	0.34743	0.05376	0.56903	0.64090	0.79962	0.18447	0.05150	0.54638	1.41898	1.01674	1.20678	0.26981	0.24901	1.18189
48	0.04457	3.47113	2.50203	2.99384	3.54698	4.29625	2.48448	3.66192	3.83009	3.36701	5.14153	2.47738	2.95594	3.66118	3.13026	4.64300	4.59242	2.65083	2.92612	4.24475	3.62320	3.24005	3.95243	2.99936	2.71665	3.21045	2.57003	4.34232	5.14197	3.83463	2.82616	3.13791	2.97748	3.85756	2.60671	1.69935	4.80951	2.77936	3.95492	3.02068	3.38687	2.88618	3.00368
49	0.17544	5.79996	4.69928	3.67980	5.77977	6.19264	7.23751	3.99029	4.56872	9.57102	10.03001	5.60113	4.66553	5.64002	6.95226	7.93270	8.53095	3.78990	4.79658	6.96368	10.47615	4.07182	4.07399	6.52523	5.62490	4.93953	4.40502	8.77475	5.81857	6.62438	4.24643	6.57571	5.39852	6.87799	5.14207	4.80546	9.33135	5.25057	6.20812	4.37091	7.28903	7.13926	4.33218
50	0.28466	2.79368	1.20809	1.85162	2.96967	0.60352	3.16992	1.90136	1.97900	4.89437	3.61735	2.40923	2.27536	2.44335	2.64083	3.75389	3.27670	0.95129	1.29075	3.34567	4.12315	2.19616	1.53252	2.63363	3.36895	2.89711	1.63697	4.73418	1.94743	2.70924	0.93750	2.88213	2.58076	3.22751	1.84771	1.01246	4.42097	4.65416	3.09359	2.14931	3.38536	2.75436	2.28034
51	0.42475	5.14365	1.95255	6.08583	7.53546	0.83348	2.71179	4.48679	4.72746	3.57608	5.61721	3.70296	5.50030	5.19931	3.63651	5.01643	3.56855	2.71552	2.86692	4.66124	1.12071	6.08282	4.37032	2.75760	6.94618	7.54294	3.30134	6.25229	4.81718	5.01092	1.28427	6.05576	5.85250	5.84851	5.23297	0.99573	4.25612	7.03465	4.60643	5.11796	4.70060	3.50558	4.78656
52	1.36888	0.94571	0.12902	0.90174	0.87322	0.06417	0.09927	0.75181	0.65826	0.18469	0.71300	0.27729	1.15238	0.61995	0.22373	0.65601	0.43772	0.16149	0.17333	0.89696	0.13464	0.99282	0.50134	0.11723	1.14282	0.95285	0.17256	0.95804	0.31931	0.35872	0.18395	0.82140	0.86265	1.01429	0.41472	0.02372	0.46482	1.99966	0.85234	1.13523	0.38274	0.26838	1.16193
53	0.45809	1.53380	0.48215	1.32326	1.38725	0.28312	0.87383	1.27128	1.12051	1.25471	1.45939	0.98189	1.43520	1.20729	0.73630	1.40373	1.18902	0.41016	0.51326	1.66871	1.19716	1.17941	0.92713	0.47683	1.66286	1.38640	0.55519	1.98021	0.70681	0.70833	0.48300	1.16249	1.15443	1.33463	0.63443	0.06853	1.28545	3.20203	1.54846	1.45447	0.79960	0.80936	1.45044
54	0.23585	8.00197	8.62133	6.79026	6.72893	9.59562	6.09720	7.08032	8.06735	8.33037	9.10005	6.26138	8.65150	8.93728	9.00560	8.48069	10.75895	7.52029	7.86943	7.97519	10.02342	6.94273	7.65818	9.32608	6.30223	8.42800	7.88064	8.75346	5.96281	9.12972	7.21650	8.31751	7.68062	8.64944	6.59790	6.01772	10.87542	7.76080	7.85029	7.25362	8.47976	7.91457	6.87819
55	0.14094	99.73407	211.11213	126.20674	169.67592	228.74724	276.04025	97.33197	96.34893	207.40242	117.21498	201.48157	86.41959	112.73995	171.90449	102.22853	164.91812	168.55666	183.20734	94.97418	129.78328	113.00033	107.71242	220.40081	141.74737	193.04958	189.71302	117.35766	250.62691	132.22703	253.27239	127.92720	123.14536	100.03633	198.30222	313.70680	211.59807	93.53457	96.15896	86.15198	169.68319	184.95893	83.30421
56	0.19527	80.91091	102.58800	110.88999	119.99110	58.68827	117.82040	78.83980	83.07059	116.57429	94.98487	122.57224	75.72606	98.25235	123.29997	82.88784	95.64919	125.49510	127.35913	74.57641	37.74546	95.08974	91.17269	137.28484	110.22005	134.00133	143.89217	94.76876	126.54482	131.84060	100.23448	104.40560	103.52339	81.97371	132.92092	91.10866	93.34515	83.61108	75.33205	73.06078	128.31082	118.57798	69.51906
57	0.21555	3.17150	1.37044	4.22535	4.39096	1.99588	0.49803	3.54639	3.20633	0.93165	3.44499	1.01633	7.43082	2.94421	1.43100	2.66331	2.85899	1.49491	2.60412	3.03377	1.30616	3.81639	3.36842	0.99743	2.85943	6.33475	2.04858	2.77225	3.59215	2.66460	1.61998	5.12603	4.09493	5.89472	2.78938	0.65921	3.46260	3.02739	3.04141	5.66769	2.30991	1.47386	4.90119
58	0.15371	2.55486	1.79355	1.99843	0.92591	3.55273	0.74443	3.95705	4.27942	0.90270	1.75786	0.99523	2.86352	2.70540	1.73119	1.93298	1.69116	3.40639	2.99915	2.27565	1.44829	2.30946	3.72971	1.52715	0.92605	1.33573	2.76311	1.75416	0.78809	2.14432	1.80888	1.72346	1.77590	1.87989	1.25765	0.95807	1.88752	1.78031	2.18548	2.63701	1.54925	1.40550	2.67598
59	0.37856	0.64050	0.26306	0.53959	0.16647	0.31850	0.01853	0.89442	0.92255	0.07540	0.27301	0.11871	0.62016	0.56895	0.17908	0.42775	0.23085	0.39930	0.32536	0.50919	0.10116	0.43605	0.65322	0.07172	0.18858	0.34778	0.35977	0.31490	0.13040	0.29153	0.12985	0.23262	0.33875	0.32481	0.09178	0.02516	0.22757	0.60470	0.52058	0.57225	0.16238	0.16762	0.57634
60	0.22083	2.44250	1.92449	2.47685	2.49426	1.42762	1.43026	2.27386	2.35796	2.35809	2.74187	2.28507	2.05650	2.61256	2.43905	2.73828	2.72878	1.99694	2.12435	2.68321	1.97929	2.02095	2.12581	2.07461	2.31544	2.20610	1.84210	2.49283	1.72941	2.26485	1.60238	1.83411	1.98221	2.04117	1.42463	0.95650	2.45413	2.78364	2.40180	1.90315	1.93439	2.32366	1.96611
61	0.76373	0.32406	0.15426	0.34258	0.38008	0.05647	0.02897	0.32505	0.28286	0.11817	0.23230	0.09798	0.37622	0.22878	0.11573	0.26005	0.19783	0.08061	0.12619	0.38600	0.12889	0.26623	0.20493	0.05036	0.30833	0.30310	0.09248	0.28638	0.25222	0.12733	0.19575	0.16113	0.21375	0.25147	0.06805	0.01594	0.17433	0.62517	0.32296	0.39456	0.09707	0.11351	0.39426
62	2.65027	0.11181	0.02508	0.12877	0.10560	0.00963	0.00336	0.10928	0.08701	0.01448	0.06417	0.02207	0.17853	0.06827	0.01497	0.06802	0.02639	0.01435	0.02892	0.12877	0.00518	0.09501	0.05499	0.00878	0.11174	0.10824	0.01339	0.06970	0.06723	0.02891	0.12188	0.05598	0.07090	0.10590	0.01711	0.00067	0.03680	0.34197	0.12606	0.19303	0.03052	0.02783	0.20461
63	8.00941	0.11768	0.00792	0.14093	0.08170	0.00235	0.00060	0.11214	0.07862	0.00321	0.06580	0.01473	0.26663	0.05894	0.01165	0.05423	0.02514	0.01101	0.04832	0.11082	0.00569	0.14283	0.05425	0.00281	0.13463	0.08719	0.00928	0.06552	0.02751	0.02156	0.04446	0.08770	0.10250	0.15870	0.02740	0.00022	0.02018	0.29497	0.10548	0.27735	0.01989	0.01515	0.29770
64	0.94175	0.34297	0.06211	0.21732	0.08227	0.01773	0.00573	0.56945	0.51196	0.02660	0.08319	0.00905	0.42708	0.22473	0.03301	0.15156	0.05956	0.15740	0.12580	0.23641	0.01949	0.26175	0.33138	0.02461	0.05008	0.17176	0.16186	0.09687	0.06933	0.13796	0.08618	0.10445	0.11675	0.17189	0.03796	0.00000	0.05040	0.29544	0.28003	0.44271	0.05854	0.05064	0.45122
65	0.81141	0.33880	0.36671	0.50553	0.17267	0.09313	0.00610	0.37883	0.33197	0.07682	0.17300	0.09636	0.39083	0.27157	0.10026	0.14562	0.04868	0.16288	0.13596	0.31821	0.02343	0.30462	0.21682	0.04504	0.19073	0.19400	0.14461	0.14280	0.26338	0.10089	0.49149	0.11741	0.14837	0.17209	0.03349	0.00008	0.03659	0.46836	0.33114	0.39957	0.06033	0.07656	0.45057
66	2.40743	0.09021	0.01833	0.11279	0.03412	0.00803	0.00000	0.12859	0.08922	0.00314	0.01979	0.00270	0.14305	0.05072	0.01092	0.03570	0.00968	0.02536	0.01548	0.06520	0.00170	0.08725	0.05763	0.00330	0.01288	0.05912	0.01671	0.02133	0.04178	0.01926	0.09953	0.03036	0.03782	0.04954	0.00898	0.00170	0.00726	0.11156	0.06451	0.14280	0.01170	0.01574	0.15123
67	3.56001	0.03180	0.00282	0.06823	0.02670	0.00000	0.00000	0.04389	0.03106	0.00011	0.00956	0.01067	0.08284	0.01732	0.00542	0.00941	0.00285	0.00682	0.01466	0.02629	0.00000	0.04802	0.01546	0.00004	0.05023	0.02143	0.00491	0.01240	0.00928	0.00757	0.02279	0.01686	0.01693	0.03119	0.00239	0.00000	0.00187	0.08520	0.03429	0.09037	0.00240	0.00433	0.09965
68	16.39324	0.03154	0.00143	0.04010	0.01214	0.00033	0.00000	0.04230	0.02470	0.00026	0.00608	0.00203	0.08782	0.01305	0.00224	0.00939	0.00226	0.00324	0.09549	0.01863	0.00017	0.05313	0.01801	0.00044	0.01794	0.01297	0.00293	0.00700	0.00216	0.00484	0.00963	0.01808	0.02009	0.03341	0.00450	0.00006	0.00068	0.04729	0.02317	0.09698	0.00240	0.00204	0.09609
69	0.52423	0.09805	0.01797	0.12251	0.06024	0.00448	0.00223	0.13461	0.08450	0.00164	0.03129	0.03227	0.16688	0.05063	0.02011	0.03646	0.01268	0.03992	0.03111	0.08308	0.00344	0.09786	0.06472	0.00233	0.13266	0.04174	0.02332	0.02553	0.01513	0.03452	0.11354	0.04744	0.06281	0.08397	0.01191	0.00000	0.01049	0.21542	0.09880	0.17952	0.00999	0.01394	0.18676
70	1.23058	0.32707	0.29632	1.12587	0.58697	0.01121	0.00702	0.42734	0.31958	0.04538	0.36720	0.23243	0.42002	0.34932	0.10025	0.21071	0.14174	0.16129	0.06559	0.38219	0.02545	0.32884	0.24847	0.03153	0.63078	0.24669	0.07122	0.32287	0.13073	0.06194	0.04677	0.25696	0.30816	0.34899	0.08233	0.00000	0.09233	0.52230	0.40361	0.51226	0.06983	0.10298	0.54280
71	0.74494	0.18421	0.27883	0.80068	0.43120	0.00926	0.00141	0.24475	0.18672	0.03593	0.21756	0.19486	0.25541	0.21422	0.06769	0.08910	0.07103	0.11333	0.04765	0.21617	0.01058	0.19857	0.14154	0.00588	0.38055	0.21813	0.03613	0.22451	0.10344	0.03769	0.00998	0.14356	0.17933	0.19408	0.03231	0.00000	0.04150	0.32225	0.22758	0.28606	0.02539	0.06255	0.30626
72	0.20110	1.54205	3.32074	4.10152	3.12051	0.15011	0.12373	1.67936	1.49783	0.81535	2.05127	2.07456	1.31865	1.92805	1.12638	1.08907	1.28872	1.61630	0.57677	1.65669	0.26124	1.37688	1.32078	0.44498	2.70142	1.40680	0.43426	1.84329	0.79941	0.36087	0.17241	1.04824	1.50723	1.21952	0.49834	0.00000	0.63444	1.60706	1.67575	1.39909	0.38383	0.95055	1.43211
73	1.09641	0.02301	0.00855	0.11730	0.05359	0.00000	0.00000	0.01678	0.01947	0.00040	0.02443	0.00727	0.04278	0.01609	0.01242	0.00945	0.00635	0.00405	0.00202	0.02790	0.00000	0.03073	0.00887	0.00012	0.04566	0.03818	0.00135	0.02995	0.01033	0.00799	0.00000	0.02790	0.03567	0.04461	0.00162	0.00000	0.00280	0.08976	0.02842	0.04716	0.00226	0.00570	0.06558
74	2.79993	0.02636	0.00851	0.07109	0.03259	0.00008	0.00000	0.02242	0.01761	0.00107	0.02255	0.01019	0.03983	0.01818	0.00375	0.00893	0.00774	0.00437	0.00891	0.02517	0.00025	0.03463	0.01102	0.00106	0.04661	0.02102	0.00153	0.01926	0.00629	0.00417	0.00305	0.02244	0.02606	0.03734	0.00653	0.00000	0.00379	0.05545	0.02421	0.04892	0.00270	0.00378	0.05205
75	15.09989	0.00392	0.00034	0.00639	0.00275	0.00000	0.00006	0.00326	0.00252	0.00003	0.00178	0.00023	0.00895	0.00164	0.00024	0.00148	0.00060	0.00039	0.00850	0.00306	0.00000	0.00570	0.00122	0.00007	0.00379	0.00181	0.00013	0.00227	0.00084	0.00072	0.00072	0.00334	0.00496	0.00609	0.00111	0.00000	0.00022	0.00896	0.00304	0.01052	0.00041	0.00015	0.01051
76	1.77495	0.07103	0.02794	0.17332	0.09442	0.00403	0.00052	0.07926	0.05263	0.00611	0.06471	0.02450	0.13533	0.05453	0.01260	0.03904	0.03117	0.02371	0.01753	0.08111	0.00731	0.07933	0.04560	0.00459	0.10197	0.05243	0.00663	0.05516	0.02938	0.01441	0.01226	0.05801	0.06682	0.09224	0.01951	0.00000	0.01576	0.14832	0.08435	0.14323	0.01479	0.01709	0.14789
77	0.25247	11.14832	18.28072	21.61078	19.05926	1.76222	2.24938	11.15350	10.40698	8.57467	14.36324	16.41875	8.60916	13.33330	9.17467	9.75331	9.47128	12.22617	4.77577	11.42767	2.18476	10.24563	9.26648	4.66127	17.78756	10.30376	5.10908	13.50937	7.48698	4.38532	3.14755	7.95276	10.14390	8.11968	4.78223	0.37676	5.92079	13.26284	12.03840	9.37814	5.11092	9.83732	9.27347
78	0.04191	26.47597	62.56119	37.93596	45.24726	14.59060	26.21638	25.38628	27.69257	49.07575	32.31910	49.29627	18.45894	34.10328	42.38832	27.02501	41.96387	44.24361	31.85037	23.40286	15.19929	29.54056	29.72294	38.69588	37.38576	37.95138	30.63163	31.02141	47.26984	27.12633	28.91023	26.55134	28.81859	21.39960	29.39098	6.57605	32.97452	28.81581	23.18249	18.31108	31.28725	41.68854	18.01598
79	0.23535	1.06168	0.72547	2.03067	1.57748	0.04385	0.04675	1.11062	0.86368	0.29616	1.22121	0.68946	1.10054	0.94374	0.41730	0.92064	0.72393	0.40611	0.24499	1.15703	0.08084	1.05617	0.74952	0.17130	1.70712	0.67994	0.17309	1.12537	0.40073	0.23461	0.18698	0.90739	1.11190	1.15453	0.32458	0.00000	0.42000	1.14020	1.12439	1.27459	0.41122	0.51789	1.31875
80	0.12713	3.77491	4.43696	7.00868	7.18863	0.53917	1.12854	4.10169	3.71738	3.04711	5.63199	5.82201	3.35969	4.13507	3.34458	4.06274	3.83079	3.15399	2.68754	4.22580	0.72028	3.86894	3.48332	1.95727	6.94183	3.22918	1.75171	4.77235	2.73628	1.65346	1.13188	3.16227	3.90248	3.34687	2.31406	0.07029	2.92044	4.15193	4.20295	3.39822	2.65526	3.83101	3.55259
81	0.34646	0.50684	0.23428	0.61630	0.36224	0.26629	0.00761	0.77430	0.67791	0.11264	0.34734	0.17887	0.71793	0.31618	0.15636	0.37190	0.18832	0.23856	0.57489	0.52020	0.11720	0.72399	0.64733	0.07784	0.45295	0.28170	0.39171	0.38071	0.12410	0.15297	0.13724	0.26718	0.29792	0.38509	0.14666	0.04525	0.20067	0.81823	0.51854	0.78223	0.16245	0.20373	0.86752
82	0.09935	0.32240	0.02187	0.36282	0.30119	0.01585	0.00513	0.32582	0.22314	0.04802	0.23973	0.14976	0.38521	0.19126	0.05170	0.27439	0.06649	0.07704	0.00767	0.32165	0.00000	0.36044	0.15421	0.01637	0.45446	0.13626	0.10226	0.24590	0.07636	0.13765	0.03402	0.18297	0.21836	0.32103	0.11563	0.00560	0.03952	0.31642	0.32637	0.43363	0.08127	0.07130	0.41416
83	1.21048	0.11423	0.00384	0.10900	0.09304	0.00163	0.00111	0.10772	0.06785	0.00629	0.03888	0.01708	0.17310	0.05621	0.00963	0.06003	0.01711	0.01408	0.01077	0.08513	0.00068	0.10978	0.04903	0.00250	0.12672	0.04260	0.02461	0.04366	0.00903	0.02827	0.03149	0.06122	0.07503	0.09875	0.01116	0.00000	0.01513	0.20033	0.10405	0.16556	0.01874	0.00922	0.18177
84	0.48908	0.24926	0.02304	0.24312	0.18037	0.01349	0.00000	0.26009	0.18545	0.01664	0.10158	0.07980	0.31084	0.13715	0.04407	0.14747	0.05314	0.05609	0.06114	0.19005	0.00472	0.21019	0.14273	0.01884	0.29554	0.16037	0.04594	0.12095	0.01733	0.07777	0.04680	0.13131	0.12974	0.20077	0.03447	0.00120	0.04316	0.40350	0.24940	0.28280	0.07406	0.05925	0.29986
85	0.22214	0.82348	0.49636	0.97047	0.53395	0.58012	0.13886	1.12787	1.02938	0.30247	0.53035	0.35454	0.88065	0.75442	0.29856	0.53732	0.52775	0.64141	0.48358	0.69489	0.30068	0.70593	1.02907	0.22612	0.47028	0.57184	0.43793	0.51187	0.19315	0.40634	0.27679	0.33717	0.47463	0.42468	0.29943	0.08988	0.62886	0.76679	0.75392	0.83717	0.28585	0.32844	0.84907
86	0.13047	5.71439	7.00590	5.35751	3.81344	9.86762	6.53568	4.98728	5.59734	6.13807	5.45083	5.12710	4.59678	6.35520	6.07270	5.88571	8.07478	6.35930	5.84075	5.68462	7.94946	4.53784	5.48537	6.87461	3.76499	4.77852	5.47203	4.94302	5.08858	6.15447	7.91456	5.26919	5.30621	4.98201	5.61673	6.64055	8.46183	3.73846	5.50892	4.36832	5.82381	5.70057	4.31840
87	0.14361	9.80790	9.79079	4.91881	2.48649	24.57607	8.85431	12.26905	12.58085	8.00763	7.95944	5.12409	8.82579	11.76185	9.71344	10.99661	10.47127	13.03355	10.04285	11.30007	16.78651	9.26711	15.49852	7.54475	2.98788	2.91854	7.99153	8.02762	3.91544	9.30896	13.79520	8.90559	9.31906	9.30620	8.90277	10.89403	9.78363	4.16080	10.87743	8.56160	7.59062	8.00425	9.02134
88	0.09488	2.54365	2.16186	2.36938	0.72869	6.89717	1.29165	5.95606	6.01674	1.17860	1.64853	0.75169	3.43199	2.44237	1.61327	1.92608	1.74925	4.89965	4.31667	2.06850	1.75150	3.83339	6.22258	1.59615	0.74763	0.83669	3.63149	1.56349	0.98970	2.09984	2.31876	1.51965	1.62480	1.60506	1.28478	0.89113	2.24589	1.21805	2.20133	3.57459	1.57121	1.48456	3.39837
89	0.14442	0.76073	0.13650	0.52558	0.38358	0.17908	0.00125	1.86093	1.55295	0.01811	0.27952	0.07581	1.65619	0.61475	0.13852	0.53426	0.18370	0.52617	0.65009	0.59201	0.06150	1.45165	1.53002	0.15060	0.35378	0.28607	0.75513	0.42439	0.19159	0.44407	0.18055	0.68804	0.58749	0.81788	0.37697	0.07049	0.24299	0.45195	0.64852	1.60546	0.36945	0.09313	1.56203
90	1.57486	0.26837	0.01709	0.21949	0.12112	0.02766	0.00036	0.48215	0.37544	0.00465	0.07999	0.01800	0.55075	0.16454	0.04121	0.10889	0.04326	0.08332	0.08574	0.16776	0.01119	0.32668	0.33054	0.00782	0.13027	0.15168	0.05206	0.10066	0.04593	0.09054	0.08293	0.17465	0.15576	0.25255	0.07660	0.00414	0.03945	0.22373	0.20011	0.52827	0.05529	0.02418	0.41718
91	0.62008	1.83488	0.07118	0.98170	0.38464	0.10772	0.00406	2.62769	2.79290	0.01350	0.28149	0.21927	2.61363	1.59585	0.43520	1.10419	0.12818	1.22214	1.17291	1.37658	0.01535	2.60173	2.99806	0.18799	1.09884	0.51458	1.52703	0.87912	0.10376	1.50857	0.12860	1.11708	1.07553	1.23358	0.70904	0.06683	0.08175	1.31564	1.66683	2.55415	0.58970	0.28104	2.34441
92	1.37500	0.37130	0.01643	0.17891	0.09099	0.01736	0.00451	0.62443	0.55368	0.00752	0.06650	0.02422	0.85789	0.20277	0.05101	0.17350	0.03764	0.10986	0.29762	0.26186	0.00571	0.91427	0.54885	0.01940	0.17487	0.11540	0.33548	0.12770	0.02868	0.20396	0.04090	0.20448	0.24013	0.28270	0.08865	0.00774	0.02419	0.42418	0.33649	0.91935	0.10110	0.05930	1.06483
93	0.33586	0.67142	0.22354	0.32629	0.26991	0.16436	0.03035	0.55781	0.55592	0.10168	0.35157	0.15544	0.62818	0.58847	0.28462	1.19272	0.32823	0.11060	0.34621	0.89704	0.17536	0.53822	0.36856	0.27101	0.29199	0.17644	0.24526	0.51285	0.19047	1.97132	0.20579	1.47178	1.07984	1.99882	0.41926	0.08284	0.39247	0.58463	0.76656	0.65928	1.20473	0.28198	0.86354
94	0.73199	0.22840	0.01883	0.16708	0.08717	0.00488	0.00156	0.20237	0.16618	0.01810	0.07330	0.02280	0.29916	0.13739	0.04875	0.23758	0.07708	0.03377	0.06180	0.26248	0.00949	0.26509	0.13233	0.02104	0.13366	0.10127	0.04457	0.13777	0.07468	0.45380	0.07934	0.38097	0.31563	0.66141	0.08471	0.00398	0.05120	0.30467	0.25565	0.33071	0.25220	0.05063	0.38146
95	0.40352	1.77274	0.38162	0.54279	0.22139	0.28431	0.01887	1.06585	1.16125	0.11787	0.46108	0.09752	0.80547	1.61456	0.40294	1.46860	0.42585	0.66430	0.27724	1.33451	0.21767	0.66770	0.87414	0.39690	0.22849	0.30957	0.50687	0.63892	0.15546	0.85564	0.46694	0.61295	0.83469	0.79018	0.40870	0.19314	0.29852	0.86576	1.50806	0.81949	0.72727	0.44694	0.82966
96	0.91587	0.54284	0.02749	0.20266	0.09828	0.00898	0.00026	0.40226	0.35834	0.02198	0.08735	0.02809	0.37574	0.33895	0.05292	0.27958	0.04425	0.17677	0.06885	0.35566	0.00626	0.24207	0.24446	0.02745	0.12204	0.19506	0.09526	0.14062	0.05290	0.20044	0.10077	0.16300	0.22407	0.23292	0.08219	0.01808	0.04298	0.36893	0.41877	0.37719	0.12512	0.08098	0.35369
97	0.34567	1.00603	0.39328	1.03877	1.39908	0.11162	0.09765	0.77396	0.80223	0.52011	1.91627	1.05556	0.92451	0.74489	0.68195	0.98335	0.75381	0.27396	0.35755	1.29277	0.21745	0.72997	0.56616	0.25130	1.75655	0.67468	0.29916	1.47065	0.71698	0.50148	0.18281	0.63172	0.68696	0.86755	0.35327	0.05577	0.87515	1.52862	1.09152	0.96234	0.46143	0.56952	0.96342
98	0.22716	1.30075	0.58764	0.97819	2.36582	0.34366	0.55361	1.08764	1.09255	2.20241	6.67699	1.48021	1.29848	1.08672	1.05046	1.51443	1.36387	0.44646	0.70056	1.84273	1.00078	0.98201	0.95333	0.70883	2.50950	1.14102	0.61896	3.95199	1.27102	1.22717	0.49473	1.15183	0.95997	1.41416	0.56970	0.24799	1.50795	1.81965	1.45728	1.19334	0.87861	0.85907	1.21832
99	0.31115	0.45764	0.08437	0.32605	0.80301	0.00651	0.03305	0.36632	0.29448	0.18091	2.12329	0.24871	0.61579	0.22050	0.18385	0.38669	0.12607	0.04257	0.05188	0.58852	0.03650	0.42175	0.27207	0.05052	1.11350	0.24514	0.08677	1.35011	0.24395	0.17444	0.08825	0.27905	0.32209	0.51654	0.15437	0.00179	0.12691	0.77649	0.49120	0.67649	0.14149	0.13727	0.65722
100	0.90366	0.37688	0.02269	0.34669	0.67395	0.02420	0.00113	0.32256	0.23274	0.04376	0.52335	0.22182	0.56932	0.19349	0.06822	0.22327	0.12114	0.04052	0.04414	0.37519	0.01706	0.39749	0.17254	0.00967	1.00670	0.20088	0.04146	0.41106	0.10714	0.09521	0.05144	0.27178	0.29286	0.42077	0.09652	0.00293	0.10798	0.67422	0.35874	0.59632	0.06518	0.05734	0.60891
Base	100	0.67076	0.18037	0.40586	0.34009	0.14654	0.12215	0.68059	0.63595	0.17500	0.51431	0.19198	1.03475	0.50994	0.23172	0.59698	0.27052	0.25404	0.24025	0.74440	0.22346	0.55396	0.54426	0.16213	0.36952	0.29674	0.21268	0.52103	0.16847	0.32722	0.11375	0.59006	0.55014	0.86077	0.28848	0.11187	0.24249	0.53201	0.72473	0.98187	0.28165	0.24503	0.99946
